$ANSIBLE_VAULT;1.1;AES256
31653636303064666237313130616138393438373265343566643434623636316362653235663733
6338336437666233396633386466353033306639376162370a316337386131393537353438623738
62353630633834623866366561303630376361383136363865616631633938623536373538383430
3633646231376132340a393733636236343732336264383931396132363063373039623865326230
66666161616231346135303166386561323236366533616138366632353263633464646531356132
39353030656339313364353239613731396235393566633466313666303032656266633330373537
32386238343666363336653830653733366266623564363634656564653465643733323864656563
61323838653433316562336332616561633834323964326133393864663864353036336561363466
66333735633139663032393632656133616135656433616431393136353035343832633736666539
65363265666336313231356261363536666531303638653262363765356430653465653338386161
32363663306161373961633630356532646531346365306463373739306539353733313734303164
35383661643634313763616135373632636536353536663436666563643466353736636639383163
30323834353035356632643164386466373931386432383430636131336231656534393430393565
38366330393236393561353861343834643261633865396237346630316561303063636161306261
65613336326462313462393431333534376137623433633538353631613162653934343633396264
31643563316531366632643534616230323834303462663333613264333037636533303938626465
61393636356165663963613738663934363130323634613530336264346433626261613731653331
65623164306239346464303732306138336330353537613430393838316265663738393766326630
33643764633033663236333733393064633964316665373731313035366139306362636338316331
35333466623362616131303166376563326536653962306430636139333032356664653437306238
61303166393065626532363862663762623735383962366232336633643366663265616433643534
32393636393266643538666537383462313663316463333430373032646362316530343961623939
35646232656463346162333564633066353565613436613939333133393537353765396230346336
63343030363734383137303734383261313634333034366237353462366134613030653863333031
62383439646462363061376335616635633733353363353236336538306662353537333861653931
3436656335656662303364663135663930636232656562326239
